Crypt_size_1	Crypt_size_2	Crypt_size_3	Crypt_size_4	Crypt_size_5	Crypt_size_6	Crypt_size_7	Crypt_size_8	Crypt_size_9	Crypt_size_10	Crypt_size_11	Crypt_size_12	Crypt_size_13	Crypt_size_14	Crypt_size_15	Crypt_size_16	Crypt_size_17	Crypt_size_18	Crypt_size_19	Crypt_size_20
0	1	5	11	10	24	121	193	125	259	151	544	554	670	610	492	427	788	761	996
0	1	2	8	26	18	58	88	120	166	239	104	209	301	492	1508	444	1452	1129	2015
0	1	2	5	6	46	22	106	63	82	308	197	144	291	766	550	410	365	1958	1202
0	1	2	10	20	10	44	47	73	140	162	235	199	331	286	343	596	1249	1819	655
0	1	2	13	17	7	31	141	35	463	354	476	232	107	823	793	791	1195	353	920
0	1	3	24	16	37	40	50	123	60	42	123	288	300	271	445	402	830	1667	1049
0	1	3	15	11	31	62	105	225	154	340	186	245	318	319	948	1197	1002	2184	370
0	1	2	5	10	28	102	29	94	193	77	121	179	276	178	239	298	1197	834	2268
0	1	3	16	26	64	29	83	80	83	379	84	536	184	291	515	1666	1005	1385	1300
0	1	3	4	8	52	208	81	41	95	499	372	451	447	474	311	1082	871	1687	1117
0	1	10	5	9	21	97	83	95	233	351	195	314	717	478	386	673	902	785	2081
0	1	3	4	31	25	38	51	247	172	98	71	459	452	377	198	267	1523	1159	533
0	1	4	7	18	10	50	75	200	179	109	147	280	297	825	646	778	272	375	1166
0	1	3	5	9	16	48	64	96	252	304	232	473	1359	491	410	328	226	1151	801
0	1	3	8	7	10	15	72	73	120	190	520	459	261	344	612	233	1361	519	397
0	1	4	7	7	61	50	121	31	455	189	281	410	336	364	264	990	640	1854	4242
0	1	4	3	14	14	25	22	151	252	175	305	780	156	180	960	466	749	1473	767
0	1	2	5	14	33	51	115	181	88	362	382	155	467	346	819	559	871	785	288
0	1	4	6	14	12	29	29	193	227	157	98	505	144	469	407	1800	521	314	1479
0	1	7	8	11	20	36	125	228	72	203	405	279	914	345	240	2173	1577	487	601
0	1	4	6	12	40	79	286	67	105	51	98	373	221	567	780	380	744	817	500
0	1	2	19	18	12	45	112	137	318	39	235	272	146	1158	919	389	359	798	1871
0	1	3	12	10	11	184	113	48	173	150	472	181	170	586	404	476	945	1294	840
0	1	3	7	21	28	29	28	80	327	227	137	248	368	334	543	477	512	509	836
0	1	2	3	12	27	20	125	37	73	153	309	282	358	247	292	1359	983	1569	1763
0	1	4	21	29	29	19	22	113	121	132	169	296	305	383	1052	1403	1082	1475	588
0	1	3	4	46	80	89	201	150	86	119	245	290	247	357	457	738	604	2674	494
0	1	4	8	22	29	53	198	101	129	472	116	203	261	224	623	758	1134	462	642
0	1	2	9	13	25	90	103	99	58	228	539	360	151	155	624	307	1113	675	979
0	1	3	12	27	47	45	157	88	180	389	448	204	171	1243	336	641	477	1345	718
0	1	5	4	24	53	43	92	29	42	229	234	1026	486	321	241	532	1268	1232	872
0	1	4	9	14	25	14	117	42	215	73	182	508	1317	596	563	1068	1223	2561	2103
0	1	6	20	6	18	66	68	43	157	201	318	84	517	201	469	974	986	393	704
0	1	5	7	45	28	109	28	45	142	81	236	185	370	317	394	994	395	1015	2240
0	1	7	8	23	37	51	148	94	89	124	301	320	261	712	443	1214	326	447	1732
0	1	7	4	16	10	18	97	170	80	616	273	188	240	771	388	621	434	509	2310
0	1	2	13	17	40	71	62	42	129	168	322	1152	348	468	595	183	516	645	2138
0	1	2	10	8	23	98	17	189	115	156	285	172	334	550	671	522	691	911	889
0	1	6	26	12	41	105	207	47	259	193	174	135	406	321	773	1263	1097	1299	1446
0	1	7	15	13	16	59	120	113	144	182	82	263	823	569	448	524	363	834	1274
0	1	5	11	14	15	50	98	291	127	217	620	137	596	478	370	279	738	1426	1274
0	1	7	6	21	31	30	75	72	101	293	117	570	170	116	473	530	1992	1510	756
0	1	2	8	8	70	73	111	131	71	84	207	112	548	1417	325	434	832	1223	743
0	1	3	9	26	43	26	59	196	103	242	301	301	796	662	375	2614	640	944	815
0	1	4	9	23	26	56	155	72	49	133	202	485	321	405	815	788	300	422	1328
0	1	3	8	9	11	32	80	144	87	191	141	190	550	313	777	796	452	340	560
0	1	4	5	33	18	85	99	175	138	151	155	411	457	424	1446	1176	536	852	338
0	1	2	11	46	54	79	67	89	335	519	115	110	299	823	572	892	763	1472	1076
0	1	6	6	5	20	28	104	85	109	136	67	222	334	261	959	713	823	2642	1606
0	1	2	3	45	16	25	57	28	80	125	296	120	452	417	2387	1715	1512	1694	1291
0	1	5	7	4	39	21	192	45	161	49	125	955	423	560	486	885	2123	786	1093
0	1	2	15	6	24	16	132	43	141	347	453	552	355	1370	397	375	146	1860	2237
0	1	5	3	32	16	40	122	216	52	165	184	310	117	568	1169	362	446	2496	2247
0	1	3	7	11	16	85	48	213	169	270	491	127	656	459	356	2173	1042	1640	1441
0	1	3	20	16	59	52	50	101	150	247	171	336	558	249	1265	413	373	1976	607
0	1	4	4	55	25	28	98	105	26	237	268	570	466	522	328	499	790	1059	1378
0	1	5	14	39	72	89	73	112	132	314	668	197	715	343	450	496	1637	704	442
0	1	3	8	21	31	56	142	111	134	447	304	346	601	192	348	661	306	1552	1191
0	1	2	4	16	30	31	64	65	361	125	630	296	439	111	983	1204	563	1010	1938
0	1	5	7	21	13	24	75	305	65	201	142	305	368	276	795	723	1048	2535	1016
0	1	2	12	11	32	29	44	89	128	91	360	265	267	242	298	1113	567	1359	570
0	1	5	3	25	63	18	55	76	260	386	401	290	679	1115	794	753	1295	950	945
0	1	4	19	7	48	50	89	190	149	179	61	530	162	250	516	469	612	898	1137
0	1	7	11	14	14	26	79	225	362	281	65	310	427	230	431	666	958	1000	2416
0	1	2	8	10	9	34	152	140	118	375	253	1307	372	112	628	823	587	1096	611
0	1	5	19	13	26	156	55	95	81	143	577	250	205	364	306	696	372	1111	3398
0	1	3	28	19	17	86	73	144	123	164	201	110	225	208	627	604	734	972	1807
0	1	3	13	10	56	52	46	30	226	184	183	155	215	378	362	537	2460	769	1292
0	1	3	16	20	12	46	107	142	152	569	153	634	369	1241	450	1703	981	877	1201
0	1	9	5	31	39	21	61	175	104	213	426	419	303	410	326	478	3919	625	1231
0	1	2	9	22	42	72	110	356	170	195	245	159	487	182	1496	595	555	991	1952
0	1	3	4	23	29	61	62	80	171	201	262	550	135	291	311	479	816	826	1146
0	1	2	5	18	9	30	46	112	247	109	114	619	324	434	240	741	548	1412	2011
0	1	5	6	12	26	144	156	65	125	399	110	723	361	822	219	1033	723	1005	1371
0	1	2	18	29	42	21	70	102	82	301	422	454	159	282	385	807	463	1547	2066
0	1	2	24	26	27	29	43	415	241	362	350	242	421	355	526	612	344	900	1589
0	1	3	8	9	43	128	49	87	265	223	254	195	466	530	718	977	1854	750	391
0	1	4	4	39	18	60	177	158	95	120	368	789	444	639	311	495	848	591	1868
0	1	8	10	10	34	21	37	67	368	215	719	140	374	1182	412	1038	462	1045	734
0	1	6	10	15	10	60	59	124	82	187	377	613	512	600	353	448	1348	1059	988
0	1	3	8	62	55	123	170	219	83	101	193	126	314	455	619	425	1277	801	1453
0	1	2	3	21	12	88	96	205	96	181	232	581	742	825	322	529	852	818	430
0	1	12	4	14	20	31	50	112	87	89	225	131	759	1116	1416	1076	595	760	1731
0	1	6	10	18	33	126	69	153	124	170	285	147	452	899	484	777	526	971	911
0	1	6	9	33	51	41	83	138	335	151	363	334	249	763	3111	375	659	1862	2216
0	1	3	16	18	15	93	176	226	85	266	121	228	392	1366	488	835	507	567	3569
0	1	8	3	21	45	45	275	73	408	169	272	265	294	307	826	920	784	843	1164
0	1	6	5	32	44	49	57	91	166	57	151	507	552	961	395	732	300	844	3162
0	1	2	17	16	20	17	71	47	186	172	203	193	327	764	596	553	1238	406	2000
0	1	6	13	10	35	59	83	32	269	90	96	565	357	361	379	1065	593	696	2228
0	1	4	5	6	39	31	330	109	111	256	287	754	376	1770	513	1052	485	737	2557
0	1	2	10	12	24	78	104	77	107	284	185	515	622	265	611	828	987	489	1953
0	1	2	5	22	41	32	65	151	36	207	119	215	765	477	1240	700	423	1434	1048
0	1	7	11	8	17	47	73	59	443	311	96	658	918	453	394	589	655	1622	1277
0	1	8	7	23	23	108	107	64	144	74	349	361	278	286	784	530	988	1231	1848
0	1	2	12	8	44	21	143	49	110	231	282	339	381	1050	589	1758	1214	3359	1417
0	1	3	7	60	26	44	87	188	363	111	356	256	350	292	2121	298	415	1683	428
0	1	3	6	20	49	88	32	95	129	373	339	347	345	505	434	1423	1762	1281	532
0	1	7	23	24	48	13	45	144	264	222	312	213	242	702	858	260	1228	1237	1772
0	1	4	8	13	15	71	73	126	203	63	316	745	147	543	378	229	1446	709	1383
0	1	4	9	14	25	26	76	77	184	215	134	217	1830	387	1435	940	2073	1244	2271
0	1	4	3	39	27	36	224	62	118	432	85	618	465	271	547	589	974	2229	764
0	1	4	9	11	23	52	115	145	100	100	128	213	223	523	429	866	796	2011	1384
0	1	3	13	30	18	113	59	135	128	217	197	125	292	364	849	339	467	889	535
0	1	7	8	25	27	44	60	90	139	314	313	97	317	887	723	666	1227	934	1093
0	1	2	11	26	33	30	19	66	164	121	565	91	590	284	439	1942	161	513	1868
0	1	3	6	14	39	30	48	142	288	168	198	408	289	372	305	540	303	1241	611
0	1	3	10	27	17	22	135	82	244	441	408	1204	712	561	819	422	542	1121	1473
0	1	2	6	63	15	54	79	208	235	174	213	164	496	520	282	1405	697	1084	3183
0	1	2	10	7	35	71	46	85	339	175	57	191	258	121	332	1195	1124	1620	2141
0	1	3	31	24	29	60	72	40	116	184	192	626	215	1038	710	803	311	414	851
0	1	3	4	39	52	31	59	109	83	337	150	317	409	495	227	342	417	824	1158
0	1	4	6	11	17	42	81	152	237	166	459	654	343	480	697	519	1648	787	1030
0	1	7	4	16	109	28	173	65	69	75	109	372	340	831	1665	620	559	580	1937
0	1	6	5	10	39	89	33	81	48	110	354	365	359	1402	1063	920	663	1130	526
0	1	2	4	6	38	55	139	287	105	208	416	231	194	1095	144	646	1455	838	981
0	1	2	13	7	36	26	79	45	50	86	409	397	462	1271	642	453	584	651	658
0	1	2	6	15	130	68	167	95	136	128	278	202	852	1610	1310	2071	456	2155	925
0	1	5	3	9	24	29	126	192	150	291	150	239	621	330	378	214	2726	690	625
0	1	2	7	12	12	45	115	62	135	339	88	253	217	1255	1354	740	508	602	476
0	1	13	21	27	37	57	13	47	318	108	84	185	763	466	470	2371	463	818	2647
0	1	2	11	11	32	24	32	191	123	245	791	214	282	591	507	1084	1280	1581	635
0	1	2	11	38	21	44	115	127	85	777	272	483	279	436	613	480	249	503	1219
0	1	2	8	7	30	95	238	119	151	96	104	515	270	573	1117	268	1690	2080	944
0	1	2	14	12	32	51	113	52	159	263	397	375	619	539	1090	474	515	1174	619
0	1	3	12	12	70	68	19	175	198	164	717	453	252	303	188	1534	402	783	1737
0	1	4	3	10	63	61	42	198	93	186	269	350	234	194	684	764	2461	1041	1853
0	1	2	11	36	109	28	55	168	135	256	531	414	339	220	670	918	2607	498	554
0	1	2	29	13	40	29	85	171	188	124	431	305	492	446	972	595	867	803	1781
0	1	2	14	25	36	137	201	410	334	131	197	656	280	441	603	872	243	1582	1362
0	1	5	36	19	41	55	46	191	52	184	220	221	1215	386	498	1304	446	807	1402
0	1	3	17	24	46	39	81	67	324	286	249	196	610	257	483	1537	1140	1715	1377
0	1	8	8	7	12	19	50	65	213	185	213	262	419	870	839	993	1216	1294	749
0	1	2	8	7	127	95	45	103	94	133	204	585	149	349	607	332	1281	417	1011
0	1	5	6	11	24	83	161	164	149	240	496	183	238	1597	712	769	933	2155	567
0	1	2	10	4	55	19	74	99	132	112	523	292	382	237	265	362	329	776	1033
0	1	5	6	13	18	42	55	84	200	177	329	331	199	981	3727	537	625	694	729
0	1	2	16	12	30	48	90	179	191	89	263	179	299	412	184	1721	1257	1683	1063
0	1	9	10	6	36	123	16	227	136	201	287	143	263	435	1136	168	2499	1415	840
0	1	6	11	88	21	44	27	87	243	190	232	593	349	613	644	1503	552	2231	639
0	1	3	5	11	18	61	89	148	478	106	345	385	666	809	890	1094	2499	940	856
0	1	2	6	14	52	32	48	88	94	179	288	945	557	776	852	498	795	2163	1374
0	1	2	8	10	15	60	57	70	203	87	535	278	164	427	530	2516	941	1872	1138
0	1	5	8	16	57	38	38	60	187	452	164	374	197	300	1548	499	1499	1050	2524
0	1	2	7	72	45	16	131	154	47	412	174	477	714	753	259	621	663	339	3367
0	1	2	7	43	38	83	74	178	105	410	111	190	594	455	445	1350	863	820	1374
0	1	6	13	14	46	40	92	177	79	174	97	195	240	364	886	706	333	1021	506
0	1	3	6	11	28	199	171	65	121	368	479	529	704	1779	710	547	611	1100	944
0	1	2	13	8	29	77	21	80	69	173	310	420	707	310	614	542	723	845	1122
0	1	7	6	16	44	40	183	220	74	273	108	512	277	381	296	1615	650	767	711
0	1	2	16	19	27	39	67	74	161	602	180	522	162	287	234	752	1374	1029	736
0	1	5	18	16	20	40	75	132	193	131	452	806	343	236	231	1286	1196	758	926
0	1	4	11	39	19	45	27	49	329	173	209	110	419	640	1000	370	999	1672	735
0	1	2	7	4	32	70	66	53	140	215	89	78	1069	886	1032	665	589	1189	621
0	1	3	5	19	56	14	205	107	172	349	208	187	762	691	472	1202	1360	1479	1526
0	1	5	9	6	13	25	21	473	89	323	185	141	521	452	1225	249	1121	1286	706
0	1	2	8	8	37	52	27	156	209	188	177	154	157	635	421	1643	829	973	2831
0	1	9	10	35	23	40	53	84	73	156	202	370	201	262	962	396	1300	1938	2614
0	1	2	4	43	9	49	186	128	65	362	192	478	550	527	237	925	542	2691	959
0	1	2	6	27	15	66	61	114	236	79	326	125	467	2126	406	358	1559	349	1562
0	1	3	6	8	20	18	40	62	83	85	187	235	161	148	1658	651	258	903	904
0	1	8	10	24	35	107	39	82	197	265	191	302	516	2630	856	876	1008	2319	1163
0	1	11	8	21	6	30	51	88	52	143	218	159	169	357	227	524	581	387	532
0	1	5	7	11	15	32	38	166	192	167	269	176	354	541	252	1960	1318	1198	1248
0	1	2	19	36	40	86	24	155	251	274	103	724	351	183	601	636	1389	1155	1417
0	1	7	16	9	37	70	58	83	108	121	495	615	369	1044	164	828	1042	2411	3542
0	1	2	3	14	20	115	94	96	87	250	334	342	433	530	480	1484	1110	474	1176
0	1	4	8	25	30	19	159	87	132	217	673	177	363	846	853	275	2478	1459	1547
0	1	2	15	23	55	20	113	255	112	283	243	115	228	908	657	2285	405	1893	646
0	1	2	4	26	15	63	91	157	256	198	215	166	368	271	393	418	567	643	911
0	1	2	6	28	33	111	105	74	188	108	216	1479	548	337	624	846	1938	330	1156
0	1	2	5	13	32	32	93	238	107	127	99	483	553	339	1124	759	1650	545	561
0	1	4	10	99	63	35	42	93	32	169	287	776	277	421	803	1746	544	1310	1251
0	1	2	11	34	39	36	69	121	76	81	181	299	208	1063	383	744	980	1530	1205
0	1	10	8	10	14	154	20	109	112	357	344	185	368	330	1200	823	769	1066	505
0	1	3	9	9	19	62	33	150	81	104	424	189	773	569	470	904	522	345	4117
0	1	4	6	11	20	67	81	144	157	232	368	686	156	377	444	815	761	1101	589
0	1	3	14	11	62	18	118	136	94	141	150	204	274	542	316	327	2426	331	393
0	1	3	15	22	34	39	122	143	115	330	180	859	240	487	259	429	415	481	930
0	1	3	13	9	22	62	125	25	254	154	550	288	1012	167	1350	1330	2080	2429	804
0	1	6	6	31	32	12	95	158	104	159	399	341	213	371	540	1732	367	1134	1461
0	1	2	5	64	47	27	26	34	61	96	222	325	547	240	724	1895	1556	974	1939
0	1	5	3	9	31	124	74	156	160	80	398	731	355	399	887	2513	637	742	1134
0	1	6	8	14	32	17	50	212	85	192	855	578	408	339	333	1188	489	456	1174
0	1	2	9	7	22	40	49	58	82	249	615	310	698	823	668	336	3276	2297	824
0	1	2	11	14	58	56	64	102	89	162	287	144	715	1070	795	499	945	332	506
0	1	5	3	6	59	48	62	89	118	547	126	216	177	529	1001	839	702	2054	766
0	1	5	6	59	18	65	28	99	62	523	207	904	329	396	356	428	590	1730	1099
0	1	4	5	39	18	41	117	87	58	59	225	293	159	393	1016	752	991	582	1650
0	1	2	5	44	23	33	33	90	53	326	309	345	123	346	837	760	559	471	1387
0	1	2	9	62	23	69	64	82	84	677	1408	702	195	428	318	329	609	462	1040
0	1	5	12	39	34	85	45	68	555	89	327	118	279	241	878	372	394	786	2335
0	1	2	9	21	65	65	38	269	144	374	458	754	1142	811	155	810	640	841	1621
0	1	2	5	8	42	92	98	205	204	131	225	221	723	638	1417	1388	1650	569	724
0	1	3	3	8	15	38	62	171	166	196	330	210	69	393	795	447	812	773	1198
0	1	2	7	13	15	54	46	343	94	181	202	273	329	166	734	278	358	365	664
0	1	8	5	10	40	91	33	97	162	230	113	181	387	583	213	1326	412	1229	1288
0	1	2	12	18	32	33	32	46	55	182	142	517	178	234	622	807	691	2912	2320
0	1	4	25	7	76	23	57	329	139	94	408	223	283	1410	875	1070	613	1131	661
0	1	5	12	30	23	21	40	157	252	308	890	245	429	978	873	931	1352	1640	2587
0	1	2	4	5	50	45	29	31	146	286	180	419	1257	695	377	597	1227	985	1353
0	1	7	6	13	22	39	59	132	197	339	319	299	537	224	280	705	549	575	1198
0	1	4	4	8	26	61	53	170	260	140	252	258	386	839	980	1196	692	718	1575
0	1	3	21	19	27	80	160	225	140	88	369	120	772	215	291	720	815	1141	709
0	1	3	4	26	35	47	75	118	112	74	216	613	211	253	432	506	462	865	1012
0	1	2	5	23	17	27	81	140	214	259	241	318	604	629	559	192	581	558	1055
0	1	4	5	31	37	28	41	60	31	161	259	259	680	444	338	839	2663	1124	662
0	1	7	7	34	14	112	60	33	94	315	160	1159	296	252	482	787	1161	651	1259
0	1	5	3	9	48	50	91	220	123	249	183	264	353	550	736	187	621	3578	859
0	1	5	8	33	27	71	43	126	155	65	97	216	262	950	1222	529	1543	323	1569
0	1	2	9	16	39	62	42	131	113	303	108	342	426	444	463	828	827	989	1011
0	1	2	27	6	91	58	76	45	137	191	786	241	200	834	517	495	153	1959	2178
0	1	5	14	46	20	22	57	95	68	329	158	396	626	678	721	1177	1183	765	476
0	1	3	3	38	31	33	57	138	191	140	204	316	554	307	756	520	962	1098	877
0	1	5	3	14	44	48	41	128	70	176	141	93	294	220	874	1358	523	504	2027
0	1	2	6	23	12	21	184	64	160	149	382	99	430	604	1168	634	616	860	1613
0	1	5	14	22	45	98	50	57	136	205	324	765	199	224	709	705	435	691	1130
0	1	3	5	11	14	153	141	128	270	402	150	245	185	512	552	627	305	1548	594
0	1	3	22	24	64	25	47	73	99	311	392	268	586	437	273	423	2651	522	4443
0	1	4	12	25	22	37	79	149	131	407	179	469	290	924	1789	371	399	798	1491
0	1	2	3	11	16	54	162	116	109	393	255	446	1103	872	209	438	1257	1260	5118
0	1	2	7	13	137	12	108	96	71	107	156	236	672	843	338	711	1736	2838	401
0	1	4	12	33	33	69	146	62	37	67	280	284	382	173	690	920	273	1741	1103
0	1	8	6	8	42	85	56	100	60	302	115	133	316	349	1342	720	1342	757	2080
0	1	6	13	24	72	36	71	128	262	302	99	183	588	81	504	647	568	713	3428
0	1	3	8	38	46	147	60	70	88	262	177	451	621	321	1042	431	581	752	1169
0	1	6	16	51	30	16	185	43	89	71	151	324	182	556	817	2758	1760	707	1401
0	1	7	12	34	34	27	47	215	45	273	160	277	575	378	257	1251	1442	861	1304
0	1	2	11	17	52	44	99	32	117	407	419	212	877	743	626	802	738	840	1222
0	1	3	19	8	37	185	117	152	186	487	634	598	504	188	341	640	792	396	2132
0	1	4	6	19	52	31	122	110	101	46	125	292	156	346	714	237	1016	906	550
0	1	4	14	39	26	61	283	163	264	70	97	214	377	533	767	394	571	1407	2233
0	1	6	8	20	10	63	57	42	556	112	180	285	1653	413	1717	744	1351	619	950
0	1	9	9	9	70	56	95	128	147	355	428	501	422	372	527	1063	675	903	1058
0	1	2	4	18	15	49	52	53	41	215	184	268	209	662	435	179	1445	931	2813
0	1	4	13	18	31	51	63	136	50	194	698	731	1149	774	425	1372	382	692	1320
0	1	5	12	11	81	35	95	219	256	68	461	308	391	336	320	435	1398	1642	996
0	1	2	5	21	17	88	252	69	98	165	377	185	308	221	527	873	881	2697	754
0	1	2	11	16	37	109	59	347	105	224	293	385	296	799	855	1744	1727	718	2103
0	1	3	5	13	73	35	112	135	54	217	140	148	261	1125	668	820	734	1613	1834
0	1	2	9	33	61	145	55	72	111	239	332	408	206	312	495	914	1129	2548	461
0	1	3	4	43	127	49	29	129	157	255	419	267	361	1197	773	2465	562	752	468
0	1	5	9	18	39	108	56	21	144	278	1218	616	358	396	1253	1488	303	3183	2897
0	1	3	8	40	49	55	73	39	123	275	186	412	330	386	304	1629	761	314	857
0	1	6	10	37	40	16	41	105	124	147	797	408	351	579	1275	908	1794	538	516
0	1	2	8	7	15	40	114	71	99	157	458	869	567	505	511	715	726	2942	1223
0	1	4	11	21	22	49	116	62	136	115	225	166	682	385	553	875	868	245	2144
0	1	4	21	24	9	29	63	293	243	163	202	304	933	437	555	914	371	1359	866
0	1	4	7	17	18	37	81	165	134	447	198	345	267	187	311	285	985	724	3051
0	1	2	10	7	55	100	52	152	40	172	92	715	1657	519	353	2460	605	512	1339
0	1	3	9	16	14	94	42	107	120	134	223	371	544	639	1355	851	887	1442	1097
0	1	2	5	13	30	42	55	209	134	238	216	444	717	116	781	826	1113	1442	2128
0	1	2	14	22	28	39	42	95	124	311	108	407	260	1112	457	688	417	1984	1329
0	1	3	12	23	76	84	90	55	185	242	216	298	381	299	1474	641	521	556	1232
0	1	4	5	14	38	50	70	53	62	190	134	602	376	520	436	1883	765	470	1993
0	1	3	7	6	36	51	88	143	224	218	333	249	227	488	2437	1324	1206	2807	947
0	1	3	11	14	46	47	54	92	299	97	178	187	183	329	503	191	1789	606	580
0	1	6	4	25	96	95	49	145	119	305	364	190	362	269	489	1237	792	1361	2216
0	1	2	11	19	28	180	81	165	282	315	295	653	701	290	946	928	1653	1846	1418
0	1	2	10	8	25	40	231	165	62	214	505	187	186	783	999	342	770	924	646
0	1	3	5	35	50	70	48	183	90	362	167	539	230	296	738	569	735	1901	841
0	1	2	16	44	63	38	64	106	27	205	262	779	537	262	221	1594	957	1617	983
0	1	2	12	6	24	32	82	125	168	167	194	349	337	777	437	231	1350	374	2301
0	1	3	6	35	20	58	31	65	157	135	269	237	274	245	410	622	503	1158	1260
0	1	2	8	7	49	80	82	153	74	93	248	207	311	604	668	934	739	1036	919
0	1	4	7	33	74	26	35	32	204	195	161	448	228	464	240	437	548	1732	495
0	1	5	5	6	29	54	215	59	470	104	146	218	548	379	377	606	1571	1437	3471
0	1	2	3	34	29	71	118	56	104	237	165	229	163	504	1297	807	365	676	1076
0	1	4	7	17	17	49	42	77	208	131	256	69	935	346	943	272	633	579	383
0	1	3	6	37	39	38	108	19	77	269	184	749	502	330	690	1538	274	953	892
0	1	3	4	10	24	29	51	272	252	53	414	277	372	219	238	576	968	1131	1353
0	1	3	26	23	24	29	54	209	103	96	154	521	391	335	505	448	891	1731	1038
0	1	5	8	6	35	63	82	190	112	118	155	190	296	215	348	1231	383	2194	2297
0	1	4	13	12	24	183	110	38	295	130	117	589	757	1272	294	370	1256	1405	1850
0	1	2	17	22	12	60	64	76	242	486	250	427	847	305	555	508	384	432	443
0	1	3	16	24	51	72	75	91	280	208	192	535	333	1040	1427	961	417	2063	778
0	1	3	5	8	14	19	51	168	102	289	317	428	205	424	172	596	822	1924	1550
0	1	6	17	25	29	17	201	179	145	336	492	211	1082	1253	409	968	219	2334	553
0	1	3	19	12	21	48	179	178	48	169	229	162	488	623	301	1387	833	1783	751
0	1	3	11	11	38	66	36	21	210	825	62	395	212	1053	527	887	455	801	1140
0	1	3	17	13	15	41	70	62	54	269	287	1152	519	541	321	412	794	1872	1295
0	1	2	24	10	10	60	59	44	158	198	525	141	465	297	740	202	314	769	1424
0	1	2	10	23	68	17	65	131	64	220	614	289	714	329	439	589	1278	303	1421
0	1	5	10	12	20	123	52	31	159	173	254	242	299	549	469	1653	2525	2699	628
0	1	9	5	35	28	25	53	53	63	86	768	710	381	879	1320	854	636	1719	1201
0	1	2	22	15	16	15	28	161	224	102	270	798	389	294	680	1343	2302	871	471
0	1	2	10	13	26	86	95	24	93	79	161	947	598	285	1504	1041	987	524	1745
0	1	2	3	17	27	43	69	110	339	278	203	109	380	250	2450	238	2038	1125	1189
0	1	2	4	12	17	55	50	179	119	172	141	306	749	813	766	535	1191	963	868
0	1	7	8	19	19	79	87	93	85	562	148	359	279	436	610	2165	1567	1088	1563
0	1	2	4	11	31	56	147	69	107	98	196	160	390	495	1161	369	658	1919	503
0	1	3	17	11	46	61	41	63	244	253	69	133	215	713	1426	867	2427	1422	2534
0	1	8	8	7	33	63	24	126	262	144	251	303	411	545	966	1197	943	2457	666
0	1	2	6	22	16	47	209	123	348	93	147	340	466	243	808	897	290	690	814
0	1	6	17	16	49	22	98	40	156	59	54	490	804	495	1326	364	886	3469	1504
0	1	7	11	10	22	159	51	130	59	84	314	222	114	263	309	313	773	753	1094
0	1	4	4	14	43	56	42	80	75	98	437	185	348	915	650	1020	400	1025	831
0	1	2	9	8	17	34	74	94	81	494	310	174	389	1506	1567	1267	1045	1134	637
0	1	2	5	23	74	11	148	77	136	112	289	966	1152	372	854	1058	845	1444	3476
0	1	4	11	12	26	19	27	76	131	120	97	473	466	760	213	492	1613	2824	935
0	1	3	4	17	15	119	117	134	106	217	550	183	202	1173	949	628	1273	1703	2608
0	1	5	18	7	14	65	246	74	338	180	502	411	379	546	401	1095	310	825	2126
0	1	4	11	27	66	16	51	163	332	141	116	193	610	270	1135	610	549	1365	1723
0	1	3	32	7	18	59	128	455	94	117	157	121	293	749	473	659	1823	1157	745
0	1	2	9	12	21	43	52	84	205	149	142	347	483	266	666	865	1354	1925	817
0	1	2	11	14	22	52	71	180	181	183	197	1091	588	290	514	306	618	541	1569
0	1	3	12	13	50	22	111	128	103	92	151	464	180	566	420	318	1178	4028	2023
0	1	9	9	10	27	86	37	112	215	396	186	224	229	306	244	423	1999	1003	1465
0	1	5	10	30	33	68	261	140	143	135	142	494	709	1147	306	503	3266	2216	1236
0	1	3	7	25	14	30	51	243	127	62	314	175	438	1091	458	1284	1470	901	1581
0	1	3	18	29	45	36	86	103	223	330	88	199	342	720	450	452	1038	1064	324
0	1	5	17	12	58	65	162	39	85	301	259	222	309	476	290	1392	1257	1428	1603
0	1	4	13	31	14	62	95	135	86	194	504	118	164	455	159	535	1784	517	623
0	1	5	7	26	87	39	44	102	113	146	153	803	421	361	1363	312	783	1303	717
0	1	6	13	11	95	45	113	245	95	203	394	271	1296	854	807	896	925	358	2358
0	1	3	11	24	25	94	131	170	329	219	333	217	123	262	465	939	863	3059	1894
0	1	6	5	56	20	28	87	45	121	303	721	70	199	445	376	972	954	886	736
0	1	3	7	31	82	17	86	74	143	122	477	502	201	862	1418	1239	2350	1026	2572
0	1	2	15	31	32	59	31	43	184	185	173	347	207	325	298	530	505	2192	4088
0	1	2	10	15	58	47	200	306	239	377	130	183	589	1700	329	260	2443	1003	479
0	1	6	10	13	83	42	78	93	50	268	537	600	374	733	1326	437	972	1701	625
0	1	8	3	23	88	34	46	168	211	456	270	167	154	644	378	422	1187	2111	861
0	1	3	3	12	89	62	82	67	193	91	212	425	178	163	1065	421	1086	637	1506
0	1	3	5	14	19	103	64	72	118	524	59	91	363	685	1147	235	2852	2384	2099
0	1	4	5	25	17	15	136	151	525	326	95	597	471	1892	640	420	639	836	2607
0	1	5	19	28	34	15	44	93	96	93	516	115	437	301	991	424	299	1895	1579
0	1	3	14	6	49	28	52	73	192	519	283	237	643	1222	205	816	711	1750	1866
0	1	4	4	8	80	16	165	116	112	263	1368	469	383	713	1237	1355	404	978	1806
0	1	3	4	37	7	54	44	76	68	236	162	391	290	575	919	655	522	1736	2079
0	1	2	4	15	17	38	69	71	93	171	192	299	169	313	633	1053	715	1170	2564
0	1	7	19	43	23	89	82	156	125	160	244	790	565	1026	675	634	1267	723	1051
0	1	5	9	14	24	121	161	66	103	107	307	458	1685	543	924	872	1112	747	2222
0	1	3	9	12	28	22	38	396	149	71	494	203	359	1774	376	1101	561	1725	898
0	1	2	5	10	55	56	69	164	104	122	155	298	542	219	477	519	638	611	1233
0	1	3	14	30	36	17	167	137	169	337	246	239	278	908	2016	979	400	376	824
0	1	2	8	21	39	30	70	38	146	135	250	696	158	874	1207	1461	789	1093	2276
0	1	3	5	12	20	268	243	145	137	126	123	370	485	687	775	1182	688	2715	770
0	1	3	17	27	13	24	109	71	54	111	254	183	347	354	531	887	1189	893	1437
0	1	4	15	26	82	75	56	268	104	177	311	164	369	566	318	303	354	328	1553
0	1	3	7	32	25	22	77	46	113	170	155	132	359	253	1119	552	727	1516	1403
0	1	4	5	22	43	66	58	41	281	126	106	173	467	267	828	983	1159	3083	1786
0	1	2	8	15	72	30	116	165	84	619	179	223	279	493	335	631	483	1756	633
0	1	11	41	38	17	20	53	94	187	86	227	860	420	469	738	433	1134	1362	486
0	1	3	6	11	15	19	70	56	175	209	342	213	270	366	1379	1062	1358	1067	2270
0	1	5	12	48	11	25	90	107	80	243	195	106	711	852	354	540	474	638	710
0	1	3	12	36	53	58	84	273	149	59	199	354	461	332	298	637	394	1465	1356
0	1	2	16	18	38	62	333	118	61	108	323	206	234	595	1406	792	572	769	1690
0	1	4	8	16	37	49	22	78	115	137	573	126	223	437	1837	366	332	675	2405
0	1	11	5	13	13	38	152	173	128	102	560	486	474	675	432	771	455	1850	975
0	1	3	3	10	46	92	23	78	62	87	300	673	688	661	334	179	963	527	979
0	1	4	9	28	30	37	68	112	106	494	691	918	561	493	232	983	723	1072	892
0	1	3	14	26	24	11	29	111	202	223	106	323	333	388	382	884	2338	1580	964
0	1	4	8	28	47	21	106	30	202	250	564	588	143	382	268	1531	405	1199	863
0	1	4	12	40	8	43	71	316	123	66	577	293	669	361	612	769	902	367	427
0	1	4	5	14	32	95	25	71	124	221	316	217	420	659	528	372	738	673	794
0	1	2	9	30	47	96	109	115	62	64	51	148	1413	447	173	1185	607	1735	2145
0	1	2	11	14	22	137	78	123	87	265	478	146	233	279	1572	589	1284	700	1350
0	1	2	5	10	29	74	62	125	42	186	203	391	369	1009	524	578	704	1029	1076
0	1	3	9	38	52	121	77	128	151	255	134	123	520	761	601	233	1013	482	667
0	1	3	10	33	19	52	31	200	140	103	508	181	505	238	1378	251	768	672	2262
0	1	4	4	19	31	23	68	182	133	328	335	550	450	297	768	318	700	582	1507
0	1	2	7	5	23	44	48	147	72	254	158	271	368	458	607	767	424	709	491
0	1	2	11	29	29	38	46	140	73	145	141	523	532	825	140	517	2169	3105	751
0	1	2	14	29	61	47	26	118	130	151	145	777	201	464	308	399	1378	878	783
0	1	2	6	14	25	58	46	115	461	288	62	294	516	398	563	453	945	618	301
0	1	5	4	20	24	41	54	51	72	277	445	222	272	954	1028	921	1205	624	1852
0	1	4	4	38	24	108	63	103	124	274	81	580	274	616	335	430	353	1349	1032
0	1	3	7	14	49	69	69	76	82	265	358	201	435	706	1319	437	401	631	578
0	1	3	10	9	13	89	72	67	173	91	1228	226	1458	283	2788	553	1263	1224	2430
0	1	4	11	19	21	53	51	112	83	369	315	442	763	598	905	968	989	1134	1145
0	1	7	24	11	12	44	37	73	650	219	598	352	730	427	1127	399	997	767	864
0	1	3	7	10	48	143	139	126	65	200	231	386	1101	229	675	507	936	1530	1010
0	1	2	8	10	41	26	60	159	89	121	563	842	356	537	783	633	932	469	548
0	1	2	10	16	61	31	188	88	99	376	123	271	644	120	342	1414	712	1967	680
0	1	5	6	16	22	29	121	65	107	79	372	193	420	1023	731	361	408	1035	1064
0	1	6	5	15	28	13	41	166	232	227	227	229	487	420	634	707	307	884	2952
0	1	6	3	35	25	119	53	38	503	109	275	194	206	446	1277	825	1373	3281	1066
0	1	2	5	19	33	142	115	83	139	124	430	521	185	945	336	1273	536	1352	615
0	1	2	10	28	29	65	238	143	66	415	369	572	328	273	443	1239	904	261	719
0	1	3	10	18	40	63	58	167	200	404	576	190	718	656	411	300	907	549	1119
0	1	2	6	11	27	54	68	128	118	211	335	624	513	1778	336	810	960	860	2210
0	1	4	11	12	22	53	44	269	153	93	545	356	328	334	681	1108	371	2366	1426
0	1	2	25	11	30	84	161	160	161	72	219	662	374	689	427	1023	1460	365	927
0	1	5	3	77	33	29	110	63	272	103	128	103	468	365	205	653	674	446	3165
0	1	10	22	24	67	110	70	46	184	364	571	363	562	358	717	163	1178	1238	797
0	1	2	3	8	89	20	30	151	104	592	287	446	503	342	1026	1105	720	1099	2277
0	1	3	13	22	36	48	58	306	55	360	401	506	809	798	463	1213	907	500	395
0	1	2	28	30	29	24	44	101	177	476	489	428	682	756	631	640	684	1280	577
0	1	4	7	34	33	51	75	61	178	91	408	317	531	1218	250	405	1267	2975	1055
0	1	3	10	9	43	72	86	114	298	247	200	255	625	724	1426	374	3062	1359	834
0	1	3	4	14	42	76	29	62	185	579	250	248	358	432	613	1906	560	329	2718
0	1	4	5	20	34	30	48	80	333	92	108	109	229	617	1073	660	1450	613	2159
0	1	7	4	9	15	36	14	154	79	49	186	336	313	981	809	539	776	2050	1832
0	1	3	14	12	22	133	138	187	80	151	965	252	383	451	446	267	416	928	1215
0	1	7	9	20	23	50	79	40	221	222	465	722	318	629	643	714	955	1354	628
0	1	6	7	19	45	41	181	66	270	119	227	481	571	384	749	417	353	2615	1174
0	1	2	3	32	66	49	129	60	207	281	185	142	228	196	317	659	2032	629	1574
0	1	2	29	22	69	101	64	98	72	309	590	186	224	350	405	2609	815	1630	1069
0	1	8	12	22	18	50	105	170	46	381	328	376	743	184	256	615	1085	285	958
0	1	2	28	5	19	25	24	61	40	560	287	364	294	298	218	549	921	916	687
0	1	4	7	11	29	37	54	188	234	210	316	688	1558	252	437	712	556	911	1959
0	1	3	20	6	13	37	36	464	111	233	419	294	482	609	313	385	758	1201	972
0	1	2	8	22	16	36	98	192	174	87	369	744	373	1512	316	1012	663	609	746
0	1	2	6	31	14	37	52	210	121	404	311	275	644	252	470	951	1484	1242	1210
0	1	4	4	43	31	20	30	92	92	646	230	127	1045	898	1145	588	352	381	567
0	1	2	8	16	37	28	42	237	154	121	167	157	390	777	665	313	739	842	956
0	1	2	4	23	21	96	188	274	272	224	147	338	511	274	1364	565	1066	818	1086
0	1	6	25	26	20	64	65	382	129	45	322	252	237	1056	459	715	654	640	1431
0	1	7	19	8	7	107	147	122	420	237	165	290	466	339	2186	596	2469	1752	1505
0	1	4	14	27	28	72	128	50	70	225	189	418	232	317	1168	390	802	618	2090
0	1	7	40	78	12	80	42	86	289	587	107	563	691	357	145	1321	671	597	821
0	1	3	7	26	65	121	64	61	156	111	179	329	231	351	199	668	652	360	6027
0	1	5	11	13	20	31	138	115	187	222	317	432	289	1165	455	745	140	264	3239
0	1	7	21	17	47	43	23	158	262	247	425	465	440	317	423	1266	1234	1061	1410
0	1	2	15	8	56	146	92	41	109	329	425	372	365	801	1057	347	3167	253	658
0	1	3	6	25	19	47	69	228	248	351	395	117	295	684	852	652	351	510	1152
0	1	2	8	43	64	60	82	36	54	106	346	1014	408	529	165	1497	378	716	652
0	1	2	5	7	24	26	75	97	93	359	417	182	532	948	664	365	1184	201	622
0	1	2	10	5	64	37	28	54	48	369	146	221	840	261	191	776	1165	656	983
0	1	5	14	9	42	56	105	81	212	86	313	185	151	712	1189	530	388	2601	1016
0	1	3	36	20	31	35	174	68	178	225	212	458	813	437	858	606	302	1737	883
0	1	2	5	22	27	49	55	390	187	66	179	222	403	367	414	1117	2833	1619	1577
0	1	3	22	20	29	53	67	84	112	313	470	611	252	915	664	347	664	515	1035
0	1	6	5	44	19	36	40	83	93	177	133	1026	676	1289	220	1136	533	687	811
0	1	7	34	42	35	30	33	267	140	262	619	374	452	207	212	690	630	916	1246
0	1	2	3	17	37	28	109	83	287	121	140	266	450	373	248	2369	642	1028	1322
0	1	2	7	15	51	38	125	68	786	114	180	588	370	871	676	1063	2966	1156	1245
0	1	2	14	10	49	32	51	63	281	299	150	212	308	293	208	574	1051	855	1501
0	1	3	9	8	26	76	78	125	118	192	468	131	322	445	876	835	528	1018	785
0	1	6	18	24	24	83	80	123	138	331	551	500	580	393	770	1352	1568	624	2186
0	1	7	8	10	53	28	67	64	35	402	163	195	192	839	392	2442	464	2240	509
0	1	12	38	11	47	75	69	101	203	439	191	339	863	639	373	634	974	866	1771
0	1	3	5	12	25	109	68	146	112	357	372	187	466	206	276	515	1694	1138	1209
0	1	2	9	7	46	15	43	180	172	57	210	195	358	629	269	877	615	749	1293
0	1	2	4	9	55	73	83	67	129	61	137	71	214	210	375	1742	930	777	616
0	1	2	7	7	56	60	112	211	62	247	191	280	518	114	187	1024	2870	1445	1196
0	1	3	21	7	63	34	57	60	205	59	160	610	421	166	587	1349	925	586	891
0	1	3	6	9	71	34	186	81	93	204	227	463	338	547	955	410	348	818	1454
0	1	3	7	35	28	83	173	75	98	72	912	367	958	399	384	837	574	939	1271
0	1	2	5	11	18	78	90	93	239	533	130	176	269	1796	2270	578	797	1166	3534
0	1	2	3	36	16	26	29	22	68	193	181	214	278	842	444	781	1471	1587	926
0	1	2	10	18	35	20	41	78	281	172	275	874	578	457	1770	816	883	622	505
0	1	2	16	9	36	36	88	41	186	248	170	323	298	295	1342	629	637	1022	361
0	1	5	19	17	26	61	211	148	136	264	207	155	1081	958	760	575	619	1913	928
0	1	2	12	8	127	170	77	58	128	103	233	401	273	685	266	501	364	1831	882
0	1	4	6	25	13	12	69	57	307	389	344	296	380	250	759	260	832	1090	1311
0	1	3	9	11	53	112	27	102	97	281	339	188	417	342	1397	997	478	1990	810
0	1	2	4	8	9	76	53	101	96	306	92	150	191	924	826	577	1336	1686	629
0	1	2	7	13	14	18	47	228	107	222	187	446	515	658	543	1136	578	755	1384
0	1	10	6	10	18	32	42	101	340	300	635	306	614	227	435	755	412	2351	3729
0	1	2	9	23	32	52	67	305	72	320	130	521	303	284	961	424	524	884	2113
0	1	2	5	14	36	30	57	119	295	204	275	586	649	1237	364	1222	2348	982	1943
0	1	2	4	27	34	43	48	55	93	162	193	545	295	397	575	1022	424	634	830
0	1	9	4	19	24	74	34	37	161	52	197	454	272	1111	440	274	377	1108	2001
0	1	2	25	15	11	73	23	455	115	154	125	590	518	857	881	391	2210	577	606
0	1	3	18	18	41	34	282	243	198	218	53	123	366	310	657	688	692	690	722
0	1	2	24	18	11	38	50	195	400	398	136	445	859	523	1134	750	757	2084	670
0	1	5	42	15	60	44	64	123	109	227	125	457	348	183	1694	527	337	752	2914
0	1	9	6	18	65	58	111	86	100	311	198	1245	272	603	955	426	1181	1047	2428
0	1	18	11	25	81	122	31	155	145	205	373	355	432	1137	1369	951	586	2356	1299
0	1	10	23	20	16	21	40	71	145	191	83	396	149	451	1222	681	425	1185	1068
0	1	4	14	11	31	22	44	53	83	113	93	410	168	480	205	581	512	1330	2932
0	1	2	11	13	13	46	109	44	235	262	311	238	273	516	1021	317	896	1886	1577
0	1	6	5	32	50	23	191	153	145	311	116	543	338	251	869	482	597	1989	616
0	1	2	25	27	37	45	98	316	117	445	123	195	251	1362	505	449	546	1252	2774
0	1	2	20	38	69	20	68	240	218	69	162	263	396	494	392	799	1047	993	1136
0	1	2	4	21	27	68	29	33	204	122	183	539	512	742	926	1376	716	1106	967
0	1	3	26	5	37	54	41	103	220	267	111	411	870	888	811	1020	245	885	1031
0	1	4	16	19	18	41	99	121	179	102	200	287	584	218	890	1783	1624	693	528
0	1	2	15	18	35	24	52	73	202	174	245	158	386	738	565	384	2216	1362	1032
0	1	2	5	48	16	83	45	169	181	78	95	121	696	482	917	1188	834	525	1110
0	1	4	13	11	50	86	174	345	228	671	179	100	277	361	208	767	2538	781	2156
0	1	4	8	49	17	41	30	229	61	98	318	520	170	294	1037	195	2259	400	1139
0	1	2	21	21	12	45	58	96	198	148	426	266	269	499	745	589	342	490	2223
0	1	3	5	9	41	22	16	47	92	175	246	267	639	379	747	453	1543	363	1168
0	1	8	5	27	72	27	143	332	136	213	218	87	1474	244	671	2603	473	886	1057
0	1	10	12	12	22	31	63	177	129	189	256	207	227	397	334	480	3343	791	1849
0	1	2	9	10	21	14	26	307	191	59	238	508	298	494	844	531	521	2400	851
0	1	5	7	23	27	53	50	136	263	354	908	337	773	440	415	799	1463	747	2649
0	1	2	11	16	32	41	63	66	268	305	741	518	211	268	467	256	612	768	789
0	1	4	8	28	24	130	54	131	142	107	884	490	1092	780	379	1026	704	680	1744
0	1	2	7	9	99	51	153	100	103	177	168	562	90	409	1284	1080	425	516	507
0	1	11	35	14	50	69	34	297	85	315	710	386	277	806	165	961	639	513	951
0	1	6	8	29	46	49	45	79	91	101	138	383	275	523	696	769	1819	1179	1085
0	1	2	17	26	45	13	174	149	552	584	147	159	419	806	649	1411	332	668	2107
0	1	2	5	20	44	89	51	117	133	75	125	384	469	1571	760	1038	740	561	995
0	1	2	5	27	12	40	101	73	311	167	221	197	495	956	223	1097	2397	2556	804
0	1	2	7	37	25	53	41	173	91	158	567	125	857	521	385	564	938	276	2588
0	1	3	12	17	44	62	139	336	108	236	274	384	453	692	483	159	345	621	629
0	1	5	5	19	20	33	131	119	238	276	274	381	194	384	736	677	1832	1098	776
0	1	2	10	42	94	61	148	60	116	157	320	479	272	685	216	1586	1102	740	1159
0	1	2	22	8	51	64	56	113	95	198	265	215	580	241	334	802	676	723	1236
0	1	3	9	32	32	16	51	75	307	561	65	532	191	756	299	956	1780	755	856
0	1	2	17	25	17	69	50	53	172	149	328	699	515	866	238	552	1441	1842	2028
0	1	2	8	26	34	42	46	27	95	120	204	91	282	656	735	843	1088	876	1153
0	1	5	6	18	15	92	38	95	192	459	431	370	125	385	199	1093	1005	464	1336
0	1	9	7	15	53	56	72	180	72	163	348	264	592	294	709	616	428	386	2139
0	1	7	35	4	35	60	64	113	199	90	178	366	297	585	294	394	1593	502	1165
0	1	4	4	9	16	40	33	80	160	251	201	152	399	237	389	425	199	780	1335
0	1	2	19	36	24	28	229	81	218	194	203	399	429	727	1371	696	666	1408	694
0	1	2	5	15	23	31	112	65	145	495	119	477	422	394	506	651	418	1020	902
0	1	4	6	11	76	21	301	88	217	409	449	665	140	611	537	1054	2294	2990	933
0	1	2	10	24	14	37	38	294	231	223	114	366	358	1063	1574	703	473	1584	3439
0	1	3	11	8	12	68	48	187	76	228	201	654	171	218	197	1285	603	1009	942
0	1	5	8	67	14	51	197	95	191	156	649	288	640	1116	828	1564	863	613	1168
0	1	4	12	10	13	52	32	123	212	180	173	744	222	468	991	1794	924	1511	652
0	1	2	19	5	25	22	56	195	116	107	405	237	127	519	658	668	441	830	708
0	1	2	5	31	20	39	50	66	231	257	60	227	186	199	594	1418	2181	539	1762
0	1	2	6	11	47	43	167	50	425	106	614	694	191	269	1328	569	446	1152	1379
0	1	3	8	16	20	32	33	54	118	192	123	551	822	245	760	917	933	1031	757
0	1	2	6	7	75	18	400	348	238	139	886	192	157	198	614	493	1814	295	1592
0	1	2	6	14	26	30	50	72	21	96	383	700	279	203	311	946	1369	1034	692
0	1	6	21	23	39	37	50	185	167	208	95	320	262	446	881	683	943	2082	1102
0	1	6	17	5	68	48	169	171	205	69	113	314	579	818	125	1115	486	1033	1798
0	1	3	4	19	47	27	102	212	130	138	246	147	440	747	1819	382	316	750	908
0	1	2	3	23	69	28	47	249	93	172	191	140	648	217	282	720	979	1487	584
0	1	6	35	11	52	80	30	73	78	97	606	573	254	558	1453	1142	1740	1346	1212
0	1	3	8	17	14	78	49	235	250	120	233	311	323	160	563	324	707	1067	616
0	1	3	29	17	22	21	48	212	108	353	102	221	272	447	347	364	383	1675	424
0	1	4	6	39	36	21	99	250	160	280	384	121	187	428	767	3107	445	802	1571
0	1	2	10	13	29	53	121	68	174	299	179	257	511	204	382	283	791	1728	3777
0	1	2	12	8	88	29	106	58	90	147	654	1162	222	651	414	259	826	380	1576
0	1	6	5	15	62	23	61	69	380	402	950	144	354	176	762	587	330	441	844
0	1	2	5	21	6	88	65	131	297	281	393	226	445	322	791	704	1008	1220	741
0	1	3	13	40	26	31	49	81	57	364	326	94	777	193	228	522	742	743	1074
0	1	5	5	14	74	20	63	215	53	83	547	365	1308	564	561	293	691	387	811
0	1	3	17	12	24	122	38	97	129	114	177	82	941	417	675	526	1284	2830	1070
0	1	4	24	12	23	32	96	77	204	223	146	524	672	1612	516	364	1352	1677	291
0	1	2	23	17	43	163	87	177	107	143	393	222	704	372	385	705	732	604	561
0	1	5	12	52	19	31	138	132	154	155	166	277	127	693	376	1046	1296	1246	1621
0	1	5	5	11	29	44	62	39	86	282	641	134	888	281	436	430	1042	731	878
0	1	5	10	15	32	57	72	118	290	161	280	206	883	1630	1454	641	342	1633	278
0	1	2	14	27	109	28	104	178	104	240	276	188	921	3111	492	497	983	378	468
0	1	10	12	8	35	51	77	563	354	85	404	183	595	1252	770	1664	247	648	1609
0	1	3	18	9	25	47	142	38	133	91	580	324	313	916	776	175	484	3338	924
0	1	9	12	55	21	46	202	27	195	97	87	192	592	556	712	1516	1446	447	1095
0	1	2	6	7	22	109	341	70	120	201	121	154	288	526	153	173	1455	919	1067
0	1	9	9	19	63	37	51	45	187	107	333	586	808	317	777	491	774	1410	807
0	1	2	9	9	25	40	70	193	216	111	302	198	231	491	374	2298	1156	879	864
0	1	3	5	27	14	29	42	109	99	110	551	114	208	517	1049	653	519	1838	763
0	1	3	11	27	26	14	194	192	111	298	698	218	732	701	158	444	406	684	606
0	1	3	24	16	42	43	101	45	76	153	142	390	165	285	385	246	1940	568	743
0	1	2	26	23	34	75	71	112	57	60	121	144	359	630	919	1403	900	869	1194
0	1	9	14	20	50	56	111	89	137	430	212	171	126	1316	333	816	1245	596	1183
0	1	2	11	6	25	27	44	104	181	184	99	487	770	274	2795	818	1674	1001	1417
0	1	5	5	17	18	79	174	71	102	226	148	343	998	233	464	1352	1097	1798	1091
0	1	5	6	18	9	69	68	91	52	171	165	202	640	621	990	434	1025	1146	865
0	1	3	18	16	25	113	27	182	373	267	95	349	313	472	1148	552	1118	1690	2412
0	1	14	11	21	34	84	57	141	83	327	256	218	370	226	1031	278	779	666	965
0	1	2	10	14	17	92	84	186	187	243	194	448	449	383	368	419	1171	1736	2852
0	1	6	27	19	53	160	144	57	100	122	167	408	209	200	525	888	354	2885	938
0	1	5	17	13	58	15	29	67	169	199	206	223	432	225	331	569	454	1424	609
0	1	2	4	25	18	29	103	104	67	102	205	128	434	324	879	336	774	1158	208
0	1	4	5	23	42	89	143	215	117	137	288	184	656	277	727	975	284	786	1706
0	1	6	18	16	76	38	23	53	224	157	274	399	185	1515	304	265	1157	2091	1674
0	1	4	8	31	28	168	79	59	83	131	246	333	306	1397	473	944	1020	830	452
0	1	6	10	32	15	32	87	176	174	135	252	189	215	438	489	802	720	882	1252
0	1	2	8	12	52	128	249	196	27	151	569	188	170	276	303	408	909	2216	2648
0	1	2	3	26	11	48	44	93	88	354	226	192	306	1414	469	316	1925	1104	1804
0	1	6	4	25	16	73	48	187	161	99	479	437	948	627	1518	654	1077	1705	2772
0	1	5	9	18	12	103	104	109	205	202	301	225	301	327	869	880	317	855	814
0	1	8	23	48	48	40	162	140	160	276	402	365	179	237	354	336	1532	564	1857
0	1	2	5	19	40	52	87	109	154	240	484	210	101	836	1029	777	578	757	870
0	1	6	5	12	39	27	71	72	199	98	146	231	447	835	257	594	445	593	1656
0	1	4	16	12	49	11	64	67	195	465	91	226	512	913	371	873	1305	1972	873
0	1	3	22	25	126	131	76	248	107	80	259	124	281	735	1914	706	519	1567	1293
0	1	5	13	13	8	91	111	138	105	202	325	225	432	553	419	1112	390	1074	862
0	1	3	5	35	30	57	58	65	149	197	362	138	288	529	800	391	1409	566	1942
0	1	2	9	25	41	50	62	57	229	145	143	128	650	168	645	614	1515	649	796
0	1	2	13	42	33	36	131	108	113	154	194	274	204	246	1694	1090	578	1816	1700
0	1	3	4	6	44	42	56	183	51	113	337	94	834	252	403	1082	778	443	1479
0	1	7	4	19	22	66	172	87	106	59	71	534	477	605	140	169	401	332	1063
0	1	8	10	10	46	84	63	47	110	387	228	138	309	684	422	531	1870	1046	882
0	1	2	6	14	28	41	149	265	159	104	207	408	349	394	882	455	799	449	780
0	1	2	25	15	45	33	88	34	98	198	290	722	276	670	797	712	842	875	971
0	1	2	7	13	33	131	61	150	50	202	465	969	188	558	671	564	442	1659	804
0	1	3	9	20	31	80	65	69	220	123	178	91	707	707	278	506	394	909	783
0	1	7	18	12	30	38	70	230	80	289	284	541	320	309	173	962	679	1184	1458
0	1	4	14	11	23	33	236	28	90	417	367	309	225	396	992	636	314	390	1027
0	1	3	3	13	19	16	45	109	134	260	174	577	606	435	2393	1005	542	2923	997
0	1	2	20	24	47	52	63	270	183	175	232	529	645	351	500	397	460	656	944
0	1	4	11	14	21	145	59	103	278	107	246	334	628	400	351	1536	1026	806	1259
0	1	7	10	4	44	54	124	134	130	338	1007	359	873	257	1837	482	1302	1171	6041
0	1	8	30	11	25	36	43	96	115	158	202	232	808	1839	329	966	652	1298	848
0	1	4	4	30	18	138	186	32	103	89	56	370	575	474	894	390	546	1457	911
0	1	2	11	31	48	29	77	146	132	121	185	356	576	473	2272	790	545	999	777
0	1	2	4	27	19	35	66	154	168	71	309	744	863	260	1040	2248	677	1525	2464
0	1	2	11	20	21	9	73	87	235	240	425	141	439	495	477	846	1583	1182	502
0	1	5	11	10	34	33	19	95	103	173	916	444	654	1064	554	1381	431	655	526
0	1	7	4	30	21	47	104	68	55	278	228	1106	480	543	1080	1574	2462	1602	2974
0	1	2	13	10	47	120	145	67	266	606	410	120	418	494	730	703	386	453	1278
0	1	3	3	10	39	9	84	383	433	281	165	306	354	107	306	754	631	1286	2771
0	1	2	6	25	28	114	41	135	320	672	104	577	198	1446	424	1319	1746	1272	551
0	1	6	13	16	15	29	88	293	53	175	203	273	401	464	730	770	791	2544	1835
0	1	2	6	14	15	98	63	90	243	162	313	292	350	710	1813	720	335	785	996
0	1	4	9	17	25	42	85	203	117	179	975	353	155	1302	636	370	475	2061	359
0	1	2	5	38	16	58	75	174	159	522	226	420	772	1005	1072	3599	482	1429	1747
0	1	2	15	16	13	46	45	150	141	272	151	403	207	320	1582	626	705	2052	2633
0	1	3	8	11	47	59	58	69	92	82	122	573	95	802	562	359	2020	402	1016
0	1	5	19	10	31	100	68	262	249	246	530	158	316	629	316	535	840	1919	1181
0	1	2	12	6	106	132	83	99	149	921	322	265	263	1436	383	487	554	459	609
0	1	2	16	14	73	19	53	114	55	1080	81	186	368	361	990	184	734	569	3108
0	1	7	6	32	42	61	154	87	149	112	106	192	304	553	416	500	964	878	1087
0	1	2	22	40	24	31	56	85	40	305	175	693	540	245	899	195	711	717	427
0	1	7	7	7	9	43	54	93	49	227	672	286	302	1273	204	296	425	378	899
0	1	3	17	15	41	30	42	49	56	149	198	327	294	437	363	518	487	1263	893
0	1	2	11	11	26	111	55	212	497	284	1084	764	1690	333	243	417	569	2387	2219
0	1	2	11	18	21	60	60	32	146	229	72	163	389	824	617	364	1435	1166	892
0	1	9	16	10	69	77	35	49	200	236	182	215	661	422	316	1086	1636	1506	1737
0	1	2	12	16	16	69	123	36	122	139	344	137	367	186	1049	1186	771	801	1682
0	1	2	9	13	18	15	97	34	176	142	104	266	506	152	1000	541	386	1489	5002
0	1	6	16	10	13	78	43	140	80	226	170	90	1102	1347	1298	1189	717	379	630
0	1	5	4	12	17	32	57	77	221	111	183	650	854	180	755	508	1182	2161	1129
0	1	7	5	26	35	24	46	60	90	243	210	884	167	683	356	430	780	2159	1155
0	1	5	5	54	67	31	74	148	99	250	328	226	516	684	235	385	1537	511	845
0	1	2	12	33	27	30	125	147	312	453	150	184	231	214	505	846	741	595	803
0	1	3	7	8	46	52	60	116	118	154	424	291	784	325	589	548	694	773	861
0	1	5	7	24	9	28	28	72	98	272	501	405	322	1215	859	544	1208	1431	482
0	1	5	15	22	22	42	42	100	149	295	454	609	252	295	266	522	469	576	816
0	1	3	10	41	62	50	44	92	291	86	343	163	256	308	239	1708	399	1371	1009
0	1	13	14	10	11	79	134	44	279	386	156	423	851	936	433	222	1294	396	826
0	1	5	9	27	65	29	32	73	87	353	649	294	220	614	874	317	491	2294	1749
0	1	5	7	15	35	76	132	78	109	453	411	558	237	513	411	523	341	443	2975
0	1	6	9	7	12	23	54	43	96	207	112	234	380	442	494	871	1962	1589	1552
0	1	2	27	21	47	26	59	158	171	92	239	220	119	881	569	330	2203	1059	980
0	1	2	13	25	21	45	99	168	63	159	431	220	276	632	333	476	499	351	1335
0	1	4	16	27	16	17	60	124	79	167	318	248	489	422	906	556	976	783	4261
0	1	6	19	37	14	37	110	133	194	100	414	217	900	516	1742	394	672	2283	1703
0	1	5	5	6	69	54	61	165	224	165	325	635	156	762	361	569	588	549	473
0	1	2	9	9	10	54	40	404	200	390	299	160	536	360	231	969	1548	1201	1140
0	1	16	6	16	115	20	67	82	229	239	446	407	412	253	266	999	1106	719	1814
0	1	5	26	6	44	31	77	96	87	101	228	279	377	456	451	540	542	518	862
0	1	3	5	35	69	33	194	121	135	100	287	262	170	642	605	362	508	2291	1606
0	1	2	3	33	38	9	64	71	123	148	88	261	220	838	329	577	375	381	1243
0	1	2	11	9	15	52	69	64	87	70	245	333	266	355	743	2067	1674	2040	3002
0	1	2	10	26	46	66	40	248	182	83	408	192	479	747	1181	1123	712	1738	1342
0	1	4	8	16	7	83	71	133	234	212	353	347	1051	509	373	1530	696	767	1331
0	1	4	5	14	54	136	29	57	69	215	288	142	461	168	665	2501	633	1388	1699
0	1	4	12	16	34	47	54	354	45	159	54	79	1033	488	281	348	2024	1523	2187
0	1	3	6	22	18	66	161	90	105	567	220	825	250	433	668	339	497	959	930
0	1	4	13	9	25	34	139	83	69	152	93	289	176	345	310	934	1185	642	836
0	1	7	5	36	37	62	59	50	317	199	371	477	1080	822	344	870	558	889	1516
0	1	2	10	44	14	20	43	43	352	275	306	583	683	235	406	886	716	548	1269
0	1	2	11	15	35	23	89	75	42	135	214	629	596	197	1024	614	2485	1018	1456
0	1	2	11	38	19	55	33	166	48	363	231	119	248	229	648	223	1348	526	3228
0	1	5	20	34	59	30	26	90	88	246	103	310	316	825	452	679	533	492	542
0	1	2	10	21	15	51	45	45	51	67	302	260	163	864	824	990	499	702	645
0	1	10	21	5	46	32	113	141	103	375	333	161	291	361	379	790	470	559	1450
0	1	5	11	17	80	23	95	106	128	118	354	187	471	267	2729	595	1431	549	1110
0	1	2	12	7	53	16	72	21	280	78	105	211	369	731	389	530	398	1246	1482
0	1	3	15	8	50	54	86	90	50	178	178	377	308	412	1216	1688	637	436	2096
0	1	2	3	11	22	42	120	145	146	470	222	188	560	260	275	376	892	1980	1015
0	1	2	7	18	21	29	38	56	109	164	98	586	323	282	188	476	328	1403	475
0	1	4	17	40	25	33	33	489	97	240	92	475	105	196	320	714	283	1387	1274
0	1	2	7	7	32	31	134	54	189	42	187	355	747	1115	692	1613	688	1411	731
0	1	2	10	11	34	154	79	499	140	181	406	693	275	174	520	494	794	938	1191
0	1	7	12	63	42	43	27	91	107	509	348	373	169	488	382	448	599	1658	1575
0	1	18	8	9	85	28	23	184	81	196	79	601	179	287	616	381	1088	704	1753
0	1	2	4	8	10	53	138	84	105	254	360	286	236	223	499	507	617	671	849
0	1	2	3	7	43	69	141	135	142	162	155	400	338	870	1290	143	1351	1319	1255
0	1	3	4	8	46	28	81	249	50	229	826	240	382	161	736	1145	868	462	713
0	1	3	4	18	21	46	278	21	46	652	172	140	424	918	446	1231	1160	1237	3572
0	1	8	5	41	19	14	77	110	243	286	94	101	287	188	273	805	614	847	2474
0	1	7	3	4	48	51	82	117	112	159	147	252	229	593	511	471	1034	1067	964
0	1	6	13	5	13	45	103	53	135	67	247	471	258	295	715	973	492	1464	1016
0	1	10	6	15	28	63	106	110	190	617	147	671	552	190	1118	579	1346	538	2044
0	1	2	6	18	93	12	117	147	126	173	48	177	1000	486	524	1005	305	244	448
0	1	3	9	9	21	38	71	64	179	444	136	369	334	221	758	876	425	1095	1467
0	1	3	7	17	31	76	221	77	131	158	291	233	340	399	972	228	829	682	1765
0	1	2	4	31	42	49	165	114	225	124	138	211	214	483	505	867	1262	817	495
0	1	2	6	13	56	72	72	38	99	351	164	158	254	478	524	236	581	727	2148
0	1	7	6	22	31	45	79	54	49	81	97	113	367	378	636	365	1898	710	708
0	1	5	5	23	12	89	168	409	67	126	152	367	338	311	991	675	1355	569	1242
0	1	2	20	16	37	35	48	129	242	269	274	382	535	341	781	1026	1154	1359	2908
0	1	2	3	37	22	29	104	107	138	367	409	127	462	401	655	3649	331	788	888
0	1	2	30	31	10	30	122	198	257	330	220	145	404	721	876	517	1143	1417	911
0	1	3	14	20	9	93	29	145	122	66	153	135	821	250	440	241	326	1151	1419
0	1	2	9	8	48	25	197	111	268	156	463	222	251	672	994	532	1906	857	4023
0	1	2	9	11	38	19	46	126	239	144	337	515	431	728	861	971	4036	1167	375
0	1	2	10	21	34	58	51	45	151	447	151	560	513	333	827	758	641	612	1278
0	1	4	5	22	34	42	85	129	137	267	436	491	846	910	462	405	1035	2123	2676
0	1	6	20	28	11	51	46	41	91	56	154	235	747	626	278	1713	651	1014	584
0	1	2	9	11	41	17	79	68	77	76	217	322	216	467	363	874	936	321	938
0	1	6	30	24	40	17	123	230	103	196	137	777	590	373	1077	1536	833	1202	801
0	1	2	4	8	31	50	40	40	196	291	285	144	745	585	188	821	950	1234	305
0	1	7	11	25	13	131	105	70	171	210	557	686	852	434	1897	243	986	2889	1262
0	1	2	9	26	30	37	99	82	146	160	272	138	225	262	430	1123	752	2143	619
0	1	5	7	12	37	22	117	64	243	143	420	590	502	387	356	453	994	237	551
0	1	4	5	33	43	62	53	288	179	366	409	224	342	252	408	270	446	675	287
0	1	4	11	18	13	24	58	84	74	171	691	182	740	593	433	702	764	3811	1441
0	1	2	16	9	43	28	78	152	71	241	175	313	298	340	405	1729	940	1284	859
0	1	7	20	21	26	37	17	207	161	86	313	650	297	580	387	808	1032	1334	4685
0	1	4	8	7	49	28	60	87	263	101	438	169	132	500	394	2191	787	836	6872
0	1	9	5	14	78	72	321	35	349	102	146	142	177	1948	418	1205	1557	632	816
0	1	9	7	32	40	143	34	120	161	56	169	139	339	2321	667	318	280	1213	1537
0	1	4	3	41	12	38	73	45	76	133	537	252	307	1907	801	708	806	1615	1441
0	1	8	13	13	23	53	29	85	159	166	155	439	531	674	386	774	2511	512	877
0	1	5	16	12	82	79	49	102	119	269	334	209	864	373	610	289	376	712	696
0	1	8	5	9	60	28	60	216	205	282	149	705	159	2004	601	378	779	1240	1198
0	1	2	5	11	25	28	31	137	201	128	186	411	188	389	490	668	588	1072	562
0	1	3	17	39	12	32	106	222	149	124	187	184	272	542	570	444	396	632	670
0	1	5	17	20	23	54	50	162	149	66	114	115	401	601	533	429	2216	2905	1004
0	1	10	17	20	10	27	65	323	228	440	106	155	878	693	197	292	930	630	958
0	1	3	11	26	63	79	155	63	154	114	312	283	129	344	1052	220	824	1668	632
0	1	4	5	42	14	101	106	263	179	134	412	174	148	691	307	675	666	1139	1066
0	1	4	10	25	14	34	36	36	201	371	537	295	1155	269	371	708	532	783	551
0	1	2	7	27	126	30	51	80	261	125	78	439	455	1097	1263	425	610	1033	1122
0	1	3	16	15	23	35	93	179	74	325	528	422	315	638	1926	459	1625	907	387
0	1	2	4	13	28	43	32	79	141	191	404	518	490	1255	976	363	634	1066	1182
0	1	4	3	13	16	22	49	61	97	146	420	218	271	862	395	816	2127	1095	1229
0	1	5	11	25	44	22	146	95	192	402	561	460	251	500	427	1903	654	779	500
0	1	3	3	13	28	35	33	177	237	327	111	1107	604	395	552	920	551	649	880
0	1	2	3	9	19	31	56	244	106	142	146	406	306	167	683	1859	1812	718	1672
0	1	2	10	14	21	74	103	137	108	111	257	236	715	1353	519	489	536	2125	1689
0	1	4	10	26	114	86	48	42	277	248	286	286	391	201	1213	613	598	1933	1324
0	1	7	19	12	13	89	37	118	90	296	304	335	692	454	175	815	341	1077	469
0	1	2	4	12	14	59	40	43	72	321	225	424	834	695	1163	686	1129	752	1032
0	1	4	10	11	38	68	26	49	290	354	248	294	119	345	334	470	3073	696	1078
0	1	2	7	27	20	29	146	83	91	470	447	548	698	357	504	1291	1195	1745	2914
0	1	7	6	17	23	15	135	159	143	104	331	324	555	810	447	313	242	2010	3563
0	1	2	6	54	17	32	102	54	81	425	149	207	557	221	161	291	612	917	630
0	1	3	3	19	8	49	97	40	295	394	354	280	848	327	220	2390	1092	1158	1174
0	1	2	17	64	28	44	288	258	264	222	327	719	1030	504	230	714	1175	2562	951
0	1	3	13	17	13	66	46	293	132	145	838	238	308	283	1484	1146	691	864	572
0	1	3	11	19	23	54	70	299	181	138	252	195	430	1668	544	397	544	314	1057
0	1	3	37	17	17	48	197	102	82	299	326	168	566	461	221	1124	262	2700	567
0	1	2	4	41	18	41	82	334	142	427	306	349	307	300	693	496	315	797	2145
0	1	2	4	8	18	31	51	161	197	70	85	391	405	1142	624	870	1059	652	434
0	1	2	13	27	41	114	77	78	177	130	290	261	411	234	513	912	2775	644	1341
0	1	2	11	12	23	60	38	88	72	110	350	216	779	364	835	566	394	2669	1823
0	1	4	13	28	60	103	64	79	206	76	206	735	233	120	457	422	1153	976	1027
0	1	4	3	30	67	45	90	81	219	310	585	469	110	225	868	234	315	1435	1061
0	1	3	4	20	40	35	128	110	47	61	101	294	373	694	406	1889	683	312	2053
0	1	3	10	28	54	32	201	343	255	155	115	265	179	313	326	425	458	1150	1362
0	1	4	5	23	28	25	116	43	157	137	288	315	208	1100	344	1042	610	3742	601
0	1	2	9	19	80	32	48	81	245	142	268	420	849	544	1087	225	767	1292	1388
0	1	3	5	25	71	30	46	368	235	248	145	348	185	851	185	301	1314	1177	889
0	1	2	4	52	16	52	29	124	93	224	582	115	1013	496	631	532	1062	1029	1101
0	1	10	17	12	28	87	91	106	194	227	201	158	334	185	440	1493	843	574	4063
0	1	2	7	13	40	62	116	165	56	438	378	467	454	341	1002	956	354	758	2171
0	1	5	16	18	53	31	21	41	217	221	84	336	463	215	908	1054	1757	952	502
0	1	11	3	48	6	38	127	85	159	449	556	258	929	495	940	1312	1184	524	807
0	1	3	3	27	43	38	100	18	128	83	184	701	353	330	261	431	662	2101	578
0	1	2	15	14	52	87	20	49	50	341	111	839	1115	731	588	1755	871	420	1145
0	1	11	6	19	21	91	17	87	462	90	94	158	545	210	862	1740	371	1973	601
0	1	2	15	5	27	28	44	110	259	181	377	478	235	427	310	848	1030	1480	981
0	1	7	7	5	97	131	64	124	144	95	172	179	296	570	437	837	511	1044	1486
0	1	2	4	25	95	49	33	114	71	86	966	561	306	459	412	952	2659	1009	1522
0	1	8	17	12	15	85	46	162	115	341	179	577	424	580	1396	479	599	720	362
0	1	2	17	11	40	63	127	46	121	83	243	471	228	154	1010	530	1146	746	602
0	1	2	32	58	50	36	146	114	169	152	199	347	398	1546	228	970	1012	929	367
0	1	6	9	33	56	41	39	30	47	134	214	130	288	183	794	595	1454	3048	638
0	1	2	50	16	34	24	105	35	81	126	498	233	135	118	529	435	732	1249	884
0	1	12	5	11	61	22	65	35	73	96	315	151	531	746	631	1404	324	361	1109
0	1	3	16	22	15	42	73	185	81	212	225	699	760	270	479	1480	1320	1441	917
0	1	2	21	41	55	30	118	141	143	210	176	233	293	307	673	744	492	1056	1180
0	1	2	13	21	64	31	98	74	302	67	81	215	147	524	555	1669	831	1597	826
0	1	2	17	21	21	40	102	118	119	111	223	806	385	245	1029	963	634	1393	1275
0	1	3	5	10	28	17	88	131	496	166	133	270	326	715	990	313	1400	222	720
0	1	5	9	31	47	62	60	67	59	71	241	404	802	343	1350	384	1364	1775	467
0	1	3	9	11	35	38	89	179	178	337	386	340	786	473	284	377	664	770	488
0	1	2	13	16	22	65	39	164	251	193	418	261	666	276	378	2440	1061	414	656
0	1	8	14	34	23	28	129	78	85	153	959	967	749	599	167	727	830	1841	1138
0	1	4	26	20	21	53	19	283	74	275	288	478	439	695	640	855	1118	1721	298
0	1	3	14	14	13	34	193	142	90	136	444	175	232	752	1146	2059	1071	742	1637
0	1	7	19	18	52	77	104	564	74	176	141	594	274	280	398	1106	1232	1151	942
0	1	9	7	24	41	49	331	106	370	387	463	559	443	329	710	620	3861	905	678
0	1	3	11	14	18	43	51	44	270	287	220	355	213	531	556	1154	2222	767	1008
0	1	7	13	21	16	56	162	83	90	314	132	103	900	443	1484	196	443	770	1194
0	1	3	4	14	46	27	35	31	93	97	275	234	318	531	952	611	2326	857	816
0	1	3	3	9	18	15	47	82	146	219	94	194	327	410	300	463	2433	722	1291
0	1	8	28	14	26	33	56	66	299	167	337	204	436	1337	579	973	618	808	985
0	1	5	5	32	10	80	168	213	97	83	659	330	349	705	309	754	609	440	277
0	1	2	9	6	39	52	54	111	196	144	110	132	168	435	492	876	913	1432	1175
0	1	3	21	12	51	41	28	105	221	58	166	467	806	734	1202	1621	379	731	1587
0	1	6	6	25	13	23	72	299	319	193	179	600	293	1347	817	1311	795	921	419
0	1	4	12	26	42	59	174	158	209	213	140	664	414	870	734	524	587	609	1103
0	1	3	4	59	31	28	42	68	120	141	144	162	343	386	951	1168	1084	1068	660
0	1	7	7	24	54	44	102	226	150	109	682	315	338	645	980	573	417	942	3094
0	1	9	13	12	18	23	220	84	222	136	94	91	437	504	343	840	796	1761	1265
0	1	2	3	25	15	21	114	300	153	65	229	259	570	747	2000	227	637	919	617
0	1	2	12	18	21	36	65	66	75	484	253	146	613	932	870	2141	2271	1576	1343
0	1	7	8	7	34	90	45	248	99	48	303	231	647	289	1023	2073	453	386	617
0	1	4	8	18	24	21	77	100	355	71	186	112	653	946	654	1014	740	1312	874
0	1	4	11	33	23	55	39	57	41	78	630	682	725	193	309	980	307	1292	413
0	1	2	6	23	17	61	46	153	135	258	395	242	131	802	1489	466	941	636	664
0	1	3	8	10	27	178	86	100	135	163	141	182	252	492	1455	324	696	1021	1146
0	1	8	17	8	13	21	165	166	265	224	193	97	249	205	1297	354	189	515	1415
0	1	4	3	14	16	22	32	79	121	89	154	303	412	502	1664	593	1181	593	1851
0	1	3	33	4	18	144	90	188	51	507	752	138	356	252	1022	396	1177	1062	1698
0	1	5	10	15	15	46	96	30	111	114	341	360	1688	257	880	379	510	1123	1631
0	1	6	5	30	28	43	87	68	165	56	364	353	271	354	682	1011	2721	991	1492
0	1	2	20	18	17	152	129	289	53	76	230	286	435	1070	1636	473	836	228	785
0	1	5	4	8	62	44	28	124	171	232	360	180	150	793	2503	277	1004	1582	2229
0	1	3	14	11	32	26	85	86	100	57	728	275	130	675	604	469	2884	809	1301
0	1	3	13	12	52	55	89	163	57	234	209	191	321	244	682	839	734	692	1345
0	1	9	4	30	62	37	26	53	109	271	256	631	399	638	305	1713	446	2146	2777
0	1	4	7	12	27	35	63	115	437	355	315	715	1537	347	417	1050	2253	619	725
0	1	8	23	18	51	52	42	55	187	163	848	329	418	376	920	505	658	865	970
0	1	4	15	67	39	63	90	108	58	137	298	1512	211	571	1696	486	670	1118	713
0	1	4	5	9	45	47	44	203	70	112	197	114	319	396	664	496	1256	1646	693
0	1	2	15	27	64	18	376	103	58	385	205	146	191	678	1590	686	747	2940	1417
0	1	6	9	14	87	51	38	43	34	413	217	347	380	526	1053	1158	2268	690	862
0	1	7	18	15	59	88	65	158	112	153	234	455	569	1571	168	993	704	1741	1181
0	1	3	5	26	25	24	39	92	311	226	213	190	205	668	1243	400	1182	316	3251
0	1	3	8	20	40	110	52	100	306	124	162	541	267	509	297	1267	1082	741	620
0	1	3	4	19	16	79	62	216	101	63	243	138	321	254	629	341	1203	819	2513
0	1	5	10	37	24	135	82	64	184	170	961	392	386	213	835	1627	1810	1140	361
0	1	3	8	10	15	151	32	69	221	358	212	190	142	353	1495	630	1208	400	1278
0	1	2	5	24	57	49	37	184	145	493	109	516	201	537	659	305	2825	440	380
0	1	5	11	13	47	42	194	110	174	166	228	542	494	588	260	329	852	930	589
0	1	2	11	7	14	118	24	70	280	164	124	693	353	152	848	377	1265	1984	359
0	1	3	12	22	76	65	21	239	272	57	250	737	400	1040	909	1040	1659	1392	835
0	1	2	3	10	83	41	69	57	261	456	257	355	578	817	775	232	1223	682	410
0	1	2	7	13	31	60	119	138	400	141	135	294	276	671	812	1254	728	1711	1907
0	1	6	5	8	56	50	50	159	391	551	284	454	742	1377	825	367	1257	488	477
0	1	3	4	17	88	41	38	127	163	186	129	304	146	675	1658	514	521	343	297
0	1	6	12	18	5	14	110	117	108	254	277	1052	219	429	1917	607	622	415	1820
0	1	2	20	29	29	102	184	136	302	160	225	183	170	447	129	559	188	1356	632
0	1	2	13	17	19	70	30	98	118	208	265	227	113	1784	249	602	475	1516	709
0	1	9	19	32	14	38	153	191	85	98	158	198	419	372	709	593	443	2672	1037
0	1	2	6	17	10	31	36	158	293	167	394	373	1109	727	726	797	717	1997	1242
0	1	2	16	32	87	39	38	65	205	118	226	257	436	612	345	1121	1914	662	1694
0	1	3	9	14	44	130	35	79	276	313	245	417	491	639	522	683	658	857	538
0	1	6	7	19	23	34	55	106	45	168	454	387	1242	735	327	407	1251	942	399
0	1	5	3	9	32	25	96	94	400	341	263	407	435	189	444	1322	676	393	757
0	1	2	8	23	43	66	227	79	365	121	338	108	370	815	320	288	1002	722	476
0	1	3	3	10	12	34	72	46	142	179	230	1010	476	633	1865	711	490	272	797
0	1	3	13	6	37	166	76	39	199	419	430	303	90	178	1055	583	803	958	1413
0	1	3	7	10	25	37	50	66	1049	170	191	157	562	978	428	732	347	1091	1456
0	1	3	9	13	80	42	70	54	62	622	255	1390	468	1158	369	259	762	657	632
0	1	4	9	16	58	26	115	135	56	432	143	242	256	405	608	261	710	929	1036
0	1	2	12	9	55	66	221	30	311	167	190	1232	167	1009	596	937	1189	1302	1592
0	1	2	16	15	43	33	83	93	62	241	565	305	395	720	596	1186	1114	1271	702
0	1	5	27	18	71	123	104	127	185	230	141	134	109	365	325	843	658	1824	758
0	1	4	22	6	27	49	86	172	112	165	334	481	1471	877	708	636	377	2049	357
0	1	4	11	7	26	50	60	303	164	147	502	97	926	590	910	3066	191	1110	3603
0	1	3	6	17	32	30	61	108	286	187	287	78	437	342	1161	436	1079	3346	649
0	1	5	6	5	35	66	57	118	334	58	217	132	276	326	889	1046	773	550	338
0	1	7	9	46	17	27	59	176	151	258	141	430	640	689	609	1252	1004	758	677
0	1	4	15	9	29	108	81	52	78	99	59	335	619	876	991	1692	393	1695	821
0	1	12	20	14	22	66	59	51	181	122	199	257	199	329	322	332	373	1004	934
0	1	2	14	10	14	24	20	118	218	94	257	558	336	288	151	1280	881	1295	387
0	1	2	7	31	23	49	125	64	131	423	544	182	831	802	766	812	729	1100	528
0	1	2	8	17	50	63	37	48	57	79	141	352	455	455	325	1174	595	849	1622
0	1	2	9	12	68	37	43	43	173	197	109	191	535	126	850	522	437	555	820
0	1	5	9	39	73	28	88	85	118	807	383	210	781	213	824	751	462	1558	706
0	1	3	7	19	35	80	125	104	390	141	603	571	268	1072	3461	640	494	1220	917
0	1	2	10	16	35	60	37	274	176	214	221	197	833	1117	256	1054	918	2616	1623
0	1	2	5	54	22	35	87	95	103	129	116	270	605	433	1657	2571	292	851	507
0	1	5	4	24	13	167	77	58	138	203	88	755	470	286	486	341	322	1212	381
0	1	5	16	6	121	56	48	44	314	332	728	417	279	1796	494	716	690	871	979
0	1	2	10	6	23	17	87	110	266	165	118	126	377	435	501	495	1223	853	627
0	1	7	3	24	14	96	41	57	143	158	837	328	580	225	909	1230	968	410	1170
0	1	2	23	8	24	65	53	456	91	115	196	308	365	532	594	886	1973	823	1292
0	1	5	7	9	53	110	33	133	470	299	423	416	296	1062	1010	490	438	1026	862
0	1	4	8	10	15	36	87	49	195	198	295	656	421	433	761	171	476	373	610
0	1	4	22	15	16	65	37	89	66	393	60	394	508	1073	459	635	412	2548	485
0	1	5	5	23	14	24	95	178	296	319	355	440	436	578	887	500	2754	549	2300
0	1	3	5	8	20	47	57	66	219	97	544	490	464	1010	661	1128	1884	1087	1529
0	1	2	24	28	13	94	183	63	105	87	187	145	318	234	293	1190	655	1201	5559
0	1	2	9	15	58	27	121	44	185	537	592	178	544	1304	312	681	1190	745	2092
0	1	2	15	7	44	25	70	143	175	73	170	171	322	252	662	1488	444	941	726
0	1	2	7	36	13	58	13	39	234	143	438	245	243	289	439	349	843	436	1123
0	1	3	5	20	14	28	84	219	302	283	206	210	1174	645	557	314	754	455	607
0	1	2	4	32	114	23	74	118	172	73	159	220	410	229	777	601	379	619	676
0	1	5	9	13	87	17	59	371	90	105	425	526	483	295	403	430	915	744	1255
0	1	3	10	7	17	33	21	123	172	571	332	335	304	318	958	322	1894	1484	1238
0	1	4	9	13	29	56	49	89	285	52	154	173	150	862	1036	389	748	1195	673
0	1	3	16	6	20	50	54	174	196	163	139	86	231	1214	338	1004	774	1953	1830
0	1	2	3	5	38	25	22	75	227	334	192	319	197	294	176	663	1425	2084	2485
0	1	2	4	20	56	36	49	45	180	284	339	374	597	529	1102	575	1034	887	1060
0	1	9	19	39	43	117	119	49	126	249	443	408	508	1247	433	299	405	434	1599
0	1	2	15	12	22	37	117	98	46	193	73	327	659	299	672	405	752	1223	1003
0	1	4	17	16	14	37	33	194	309	250	346	113	687	425	303	1397	753	540	644
0	1	2	8	8	67	134	37	96	226	123	393	361	180	795	1153	1458	2685	762	506
0	1	4	19	22	28	54	97	68	80	272	113	286	654	631	1152	523	641	668	474
0	1	2	7	11	9	102	24	68	101	107	287	81	487	339	812	278	383	1205	786
0	1	6	12	10	69	40	59	70	149	90	170	566	343	480	313	1428	476	855	542
0	1	5	5	35	23	105	104	61	217	249	312	404	316	794	1756	249	1474	1050	2249
0	1	3	9	16	20	45	34	163	161	242	133	354	174	432	641	1028	643	967	858
0	1	9	7	22	26	63	32	132	121	208	1105	145	324	738	476	817	709	1870	1376
0	1	3	6	24	46	52	86	82	248	143	329	121	454	331	1498	444	1007	1455	988
0	1	2	3	25	12	32	105	34	48	466	354	249	321	431	1152	1765	2623	1002	492
0	1	6	8	24	29	65	90	160	111	286	280	184	226	710	320	588	318	594	4113
0	1	2	4	28	16	186	62	141	371	397	137	295	415	527	1742	964	863	2640	1741
0	1	3	25	19	20	33	111	137	85	306	198	242	178	988	936	1148	643	1842	436
0	1	2	3	25	28	42	56	97	107	186	112	684	298	255	991	390	737	1172	820
0	1	4	15	28	50	22	100	182	155	128	130	453	384	526	494	202	581	468	726
0	1	3	10	11	46	65	49	107	77	228	360	249	578	309	2171	693	1010	1699	969
0	1	2	6	15	9	64	75	129	66	234	187	403	271	995	627	455	2661	424	1210
0	1	2	7	5	17	57	43	80	95	234	389	569	150	609	1292	469	605	2319	1085
0	1	3	17	10	9	34	79	103	116	80	86	140	533	317	799	1092	1299	686	512
0	1	2	11	26	16	151	174	140	68	322	288	374	959	1027	680	624	1390	845	2372
0	1	4	10	23	36	36	57	125	221	331	234	267	720	665	288	728	1588	1501	1634
0	1	4	8	27	15	12	57	50	70	227	772	352	435	452	729	1195	1133	2005	518
0	1	4	4	12	16	19	169	39	145	215	92	511	334	487	1160	1745	2068	880	671
0	1	3	6	32	31	43	109	130	25	124	432	350	536	572	483	246	1516	1270	2885
0	1	3	13	15	18	24	67	96	78	75	431	205	160	466	473	436	332	1513	3790
0	1	3	15	37	18	66	58	85	78	66	469	298	238	222	304	2103	1354	1109	1017
0	1	4	7	20	12	36	40	74	65	204	188	228	290	148	518	1110	206	1120	1177
0	1	5	28	28	23	143	54	410	131	292	207	194	292	1188	649	592	659	1324	1402
0	1	6	12	39	11	55	48	117	43	169	157	148	431	477	2156	619	444	941	596
0	1	2	8	25	31	23	46	362	228	95	313	345	163	948	622	285	2664	732	1503
0	1	14	14	31	23	20	40	86	214	204	121	328	373	444	519	1190	556	453	1311
0	1	2	4	62	46	48	28	48	143	68	652	431	784	478	741	1430	919	1003	1202
0	1	3	12	25	15	63	31	175	36	271	90	176	248	1009	540	1309	1677	2117	869
0	1	3	6	15	23	100	100	173	69	68	726	186	180	387	642	439	912	1354	1701
0	1	5	3	15	14	74	37	85	64	124	290	523	320	670	486	312	1810	839	746
0	1	2	8	19	28	23	131	34	279	120	133	1105	190	192	387	496	1837	1530	527
0	1	2	8	15	26	20	313	59	56	312	576	541	388	294	313	1032	555	820	1196
0	1	2	7	17	35	42	53	98	65	118	328	1144	224	468	443	783	318	347	429
0	1	3	4	43	18	48	44	94	60	61	187	185	239	329	376	1095	1450	1008	576
0	1	4	11	12	7	65	68	56	519	57	207	488	383	460	1358	434	1077	874	2413
0	1	3	6	19	45	42	262	90	335	373	622	149	393	516	423	437	456	1012	2005
0	1	6	23	15	13	67	119	113	273	519	117	162	307	812	456	1970	867	1556	1828
0	1	5	14	14	18	75	163	207	90	108	246	438	235	161	1332	1403	1517	382	1011
0	1	3	21	33	37	27	60	290	131	138	110	251	1684	318	408	571	503	1051	925
0	1	3	14	28	24	54	61	68	194	256	228	136	1078	366	845	736	425	964	1394
0	1	5	5	10	19	24	195	91	112	235	181	285	384	1302	367	597	1257	411	677
0	1	8	14	13	21	78	89	61	120	254	209	321	485	233	460	1372	1343	1882	799
0	1	10	7	24	47	30	78	96	104	189	189	156	550	182	226	697	1330	1183	1649
0	1	4	8	11	20	37	131	110	132	133	251	120	869	1882	564	923	713	603	790
0	1	5	3	7	39	16	205	58	72	189	203	144	384	1497	384	964	659	1525	930
0	1	2	4	13	28	38	43	47	125	111	476	492	533	916	699	936	543	1438	1142
0	1	2	5	46	31	26	47	85	181	529	251	394	156	349	595	328	397	860	1983
0	1	8	12	5	35	43	35	154	210	390	143	158	97	276	621	548	1534	493	1325
0	1	3	9	12	13	76	83	122	196	247	371	186	269	574	977	963	901	1731	766
0	1	2	15	19	10	60	72	121	71	510	311	235	281	1317	517	933	736	393	1377
0	1	10	11	66	68	24	87	193	240	228	168	530	207	526	770	511	665	1306	492
0	1	5	12	28	16	40	42	292	204	275	470	104	449	274	526	624	596	637	448
0	1	2	15	17	13	23	84	80	56	320	331	83	390	776	300	1294	1072	312	2116
0	1	10	6	15	18	18	76	90	87	181	439	143	195	475	684	977	362	542	1022
0	1	3	17	44	31	79	35	274	84	51	170	636	522	529	1047	768	806	1991	1635
0	1	4	19	34	14	113	31	96	56	63	354	275	650	353	262	261	533	736	741
0	1	2	9	26	89	71	34	225	244	133	330	202	206	1471	377	503	380	2042	363
0	1	3	23	10	79	75	28	64	94	307	237	180	223	345	439	1582	648	2156	3123
0	1	2	15	13	38	57	22	31	110	97	208	642	334	817	427	367	3952	1381	1561
0	1	5	9	15	45	38	115	49	501	447	166	654	311	181	373	678	606	625	1570
0	1	2	47	8	15	28	199	94	121	88	310	219	356	393	728	1813	620	468	647
0	1	3	16	31	40	74	208	97	146	362	195	429	155	367	693	228	567	2899	1032
0	1	6	5	8	37	92	95	165	112	159	172	643	917	186	693	1110	827	1736	413
0	1	4	3	17	13	90	97	123	73	453	162	232	240	184	290	479	1330	603	1288
0	1	2	4	13	18	33	50	24	144	161	148	111	526	907	1753	590	551	356	1212
0	1	3	10	15	34	41	117	63	441	167	520	435	239	296	221	359	784	740	1407
0	1	3	13	20	40	41	75	147	148	134	503	333	391	404	1286	548	1433	910	1321
0	1	3	5	19	22	20	30	77	157	238	294	336	119	581	575	1236	1473	1548	2610
0	1	3	23	12	42	34	156	243	59	129	374	182	219	811	907	560	590	726	3257
0	1	2	3	9	20	46	24	79	201	239	469	140	148	397	491	640	1484	1358	917
0	1	2	16	10	12	35	27	73	148	887	212	313	229	297	1226	433	554	838	2280
0	1	3	50	10	21	28	73	90	91	74	388	300	543	632	1190	934	646	1038	1239
0	1	4	13	8	10	92	23	94	95	427	96	171	561	224	1396	1020	667	1062	3016
0	1	5	14	30	34	18	108	145	149	79	582	449	347	544	311	306	580	567	1043
0	1	2	5	7	20	43	28	92	111	330	124	566	582	504	341	412	461	960	517
0	1	3	5	31	30	18	36	63	168	115	155	347	216	875	411	475	575	1035	2453
0	1	3	13	16	26	69	34	26	159	422	123	381	397	433	565	661	986	1195	888
0	1	7	8	8	19	214	48	25	129	219	283	179	403	1058	687	1074	235	1040	1202
0	1	7	17	6	35	57	99	58	123	426	233	372	928	350	469	455	425	775	2851
0	1	2	4	12	26	145	41	60	65	175	237	372	176	357	914	574	509	1287	2384
0	1	2	19	20	51	39	92	270	97	204	96	778	865	542	325	1262	685	924	1364
0	1	2	3	11	47	26	31	79	107	93	136	276	206	327	531	415	284	875	1081
0	1	2	16	15	55	35	22	45	337	109	509	494	1128	918	427	571	388	4368	1328
0	1	4	10	9	95	21	93	388	107	128	159	396	208	217	424	638	4702	521	1657
0	1	2	12	8	23	51	105	277	432	187	132	165	404	628	240	1554	255	531	1147
0	1	2	20	10	13	37	197	104	310	170	225	282	375	452	875	1332	1268	646	590
0	1	7	4	25	13	41	127	90	109	158	205	219	204	577	573	1288	1654	992	2742
0	1	2	12	5	24	53	45	123	308	164	208	629	338	670	925	855	613	2601	2591
0	1	2	5	11	22	64	62	250	150	199	584	277	362	244	461	286	1162	2724	1731
0	1	2	3	5	10	22	61	62	114	243	227	145	327	443	612	1489	1374	554	627
0	1	2	7	12	36	43	69	161	100	226	157	379	947	414	1139	806	896	1712	901
0	1	5	4	11	26	44	92	187	119	118	110	396	329	542	646	559	766	1978	876
0	1	5	14	9	16	27	60	87	57	177	113	597	648	153	369	820	1148	1364	2610
0	1	5	6	9	13	40	47	210	751	84	271	209	224	768	823	656	711	1087	589
0	1	2	5	16	18	21	232	116	103	264	176	216	401	301	225	1705	1192	2389	583
0	1	2	8	8	24	38	85	91	290	162	99	490	562	732	545	1029	1002	1068	2219
0	1	5	19	9	39	23	41	58	132	137	197	410	204	282	867	211	1127	1624	662
0	1	4	4	20	25	28	76	187	224	414	877	268	661	280	362	374	370	499	1524
0	1	2	3	21	19	40	50	47	276	340	766	140	525	1574	914	351	1014	1302	688
0	1	5	8	14	27	53	71	63	107	192	175	322	1809	160	372	2088	667	835	1753
0	1	6	29	15	39	53	97	77	77	151	242	154	1158	344	292	612	900	442	445
0	1	8	7	45	84	68	62	61	305	182	606	226	465	732	932	1405	1120	2372	5038
0	1	2	9	7	19	24	259	109	125	93	249	568	237	632	295	677	797	1104	612
0	1	2	10	6	57	29	156	94	239	186	163	139	964	572	504	842	638	1048	715
0	1	2	11	11	16	53	109	155	368	140	194	165	210	213	819	369	892	1206	1184
0	1	2	21	6	19	65	33	48	442	105	305	791	198	305	857	459	2390	947	1026
0	1	2	9	20	20	25	180	318	133	76	106	309	233	530	251	395	1565	612	931
0	1	4	15	46	100	74	112	52	72	247	153	191	490	548	627	721	312	1182	325
0	1	5	11	8	50	30	94	337	187	278	527	575	150	525	1245	826	1119	1892	309
0	1	3	4	25	21	74	74	61	60	655	261	368	327	751	601	881	2090	1618	691
0	1	3	5	31	50	43	107	76	131	458	279	119	450	894	274	1606	883	1043	536
0	1	3	13	40	39	50	92	24	54	487	114	298	1352	2794	1822	1723	792	1934	785
0	1	3	6	40	23	70	192	30	158	154	148	233	244	303	408	344	1775	678	1945
0	1	8	5	21	71	68	98	149	128	112	80	236	859	1020	178	1125	1122	2494	713
0	1	2	12	7	17	49	57	204	85	80	346	219	510	513	1450	462	834	642	1303
0	1	3	7	52	11	51	79	88	149	56	168	168	597	464	348	907	2326	727	856
0	1	7	10	25	43	35	67	88	30	313	152	201	1138	199	220	512	2203	331	1788
0	1	3	4	8	17	39	68	170	108	295	680	380	566	1356	453	546	246	1009	276
0	1	3	5	8	18	73	144	65	262	151	412	116	270	465	439	334	514	1165	2154
0	1	2	10	21	47	66	39	438	61	190	88	376	480	308	996	820	435	2406	887
0	1	10	8	35	25	98	120	200	228	146	117	1199	735	920	441	491	536	1176	2135
